Reno-RED:	0.0664672568754
Reno-DropTail:	0.0664648829328
Sack-RED:	0.0665044213082
Sack-DropTail:	0.0632428477435
